"sim" "n" "r" "SW" "KS"
"UNIF(0,1)" 10 1000 86 464
"UNIF(0,1)" 10 1000 69 474
"UNIF(0,1)" 10 1000 81 462
"UNIF(0,1)" 10 1000 74 523
"UNIF(0,1)" 10 1000 92 545
"UNIF(0,1)" 10 1000 93 480
"UNIF(0,1)" 10 1000 79 501
"UNIF(0,1)" 10 1000 98 472
"UNIF(0,1)" 10 1000 82 476
"UNIF(0,1)" 10 1000 99 503
"UNIF(0,1)" 15 1000 118 443
"UNIF(0,1)" 15 1000 125 448
"UNIF(0,1)" 15 1000 121 422
"UNIF(0,1)" 15 1000 148 432
"UNIF(0,1)" 15 1000 129 451
"UNIF(0,1)" 15 1000 119 447
"UNIF(0,1)" 15 1000 152 439
"UNIF(0,1)" 15 1000 109 425
"UNIF(0,1)" 15 1000 125 464
"UNIF(0,1)" 15 1000 116 433
"UNIF(0,1)" 20 1000 211 394
"UNIF(0,1)" 20 1000 193 396
"UNIF(0,1)" 20 1000 175 378
"UNIF(0,1)" 20 1000 197 394
"UNIF(0,1)" 20 1000 177 382
"UNIF(0,1)" 20 1000 197 400
"UNIF(0,1)" 20 1000 201 404
"UNIF(0,1)" 20 1000 188 387
"UNIF(0,1)" 20 1000 198 415
"UNIF(0,1)" 20 1000 215 412
"UNIF(0,1)" 25 1000 261 379
"UNIF(0,1)" 25 1000 294 336
"UNIF(0,1)" 25 1000 278 351
"UNIF(0,1)" 25 1000 299 374
"UNIF(0,1)" 25 1000 294 376
"UNIF(0,1)" 25 1000 296 374
"UNIF(0,1)" 25 1000 302 379
"UNIF(0,1)" 25 1000 271 336
"UNIF(0,1)" 25 1000 281 372
"UNIF(0,1)" 25 1000 250 370
"UNIF(0,1)" 30 1000 380 508
"UNIF(0,1)" 30 1000 383 509
"UNIF(0,1)" 30 1000 377 528
"UNIF(0,1)" 30 1000 402 554
"UNIF(0,1)" 30 1000 383 533
"UNIF(0,1)" 30 1000 384 506
"UNIF(0,1)" 30 1000 386 518
"UNIF(0,1)" 30 1000 381 534
"UNIF(0,1)" 30 1000 386 505
"UNIF(0,1)" 30 1000 354 522
"UNIF(0,1)" 40 1000 579 453
"UNIF(0,1)" 40 1000 576 465
"UNIF(0,1)" 40 1000 588 479
"UNIF(0,1)" 40 1000 602 469
"UNIF(0,1)" 40 1000 594 470
"UNIF(0,1)" 40 1000 557 444
"UNIF(0,1)" 40 1000 584 435
"UNIF(0,1)" 40 1000 594 464
"UNIF(0,1)" 40 1000 586 445
"UNIF(0,1)" 40 1000 584 475
"UNIF(0,1)" 50 1000 747 399
"UNIF(0,1)" 50 1000 771 374
"UNIF(0,1)" 50 1000 733 380
"UNIF(0,1)" 50 1000 735 400
"UNIF(0,1)" 50 1000 751 403
"UNIF(0,1)" 50 1000 766 410
"UNIF(0,1)" 50 1000 766 389
"UNIF(0,1)" 50 1000 769 384
"UNIF(0,1)" 50 1000 736 395
"UNIF(0,1)" 50 1000 760 380
"UNIF(0,1)" 100 1000 995 412
"UNIF(0,1)" 100 1000 998 427
"UNIF(0,1)" 100 1000 999 402
"UNIF(0,1)" 100 1000 998 395
"UNIF(0,1)" 100 1000 995 444
"UNIF(0,1)" 100 1000 999 439
"UNIF(0,1)" 100 1000 999 433
"UNIF(0,1)" 100 1000 999 433
"UNIF(0,1)" 100 1000 997 432
"UNIF(0,1)" 100 1000 998 426
"UNIF(0,1)" 200 1000 1000 440
"UNIF(0,1)" 200 1000 1000 453
"UNIF(0,1)" 200 1000 1000 428
"UNIF(0,1)" 200 1000 1000 435
"UNIF(0,1)" 200 1000 1000 419
"UNIF(0,1)" 200 1000 1000 407
"UNIF(0,1)" 200 1000 1000 445
"UNIF(0,1)" 200 1000 1000 448
"UNIF(0,1)" 200 1000 1000 447
"UNIF(0,1)" 200 1000 1000 452
"UNIF(0,1)" 300 1000 1000 453
"UNIF(0,1)" 300 1000 1000 444
"UNIF(0,1)" 300 1000 1000 420
"UNIF(0,1)" 300 1000 1000 443
"UNIF(0,1)" 300 1000 1000 425
"UNIF(0,1)" 300 1000 1000 419
"UNIF(0,1)" 300 1000 1000 460
"UNIF(0,1)" 300 1000 1000 437
"UNIF(0,1)" 300 1000 1000 450
"UNIF(0,1)" 300 1000 1000 439
"UNIF(0,1)" 400 1000 1000 441
"UNIF(0,1)" 400 1000 1000 471
"UNIF(0,1)" 400 1000 1000 450
"UNIF(0,1)" 400 1000 1000 440
"UNIF(0,1)" 400 1000 1000 446
"UNIF(0,1)" 400 1000 1000 461
"UNIF(0,1)" 400 1000 1000 428
"UNIF(0,1)" 400 1000 1000 435
"UNIF(0,1)" 400 1000 1000 475
"UNIF(0,1)" 400 1000 1000 453
"UNIF(0,1)" 500 1000 1000 413
"UNIF(0,1)" 500 1000 1000 425
"UNIF(0,1)" 500 1000 1000 438
"UNIF(0,1)" 500 1000 1000 451
"UNIF(0,1)" 500 1000 1000 420
"UNIF(0,1)" 500 1000 1000 477
"UNIF(0,1)" 500 1000 1000 457
"UNIF(0,1)" 500 1000 1000 410
"UNIF(0,1)" 500 1000 1000 430
"UNIF(0,1)" 500 1000 1000 434
"UNIF(0,1)" 1000 1000 1000 430
"UNIF(0,1)" 1000 1000 1000 437
"UNIF(0,1)" 1000 1000 1000 447
"UNIF(0,1)" 1000 1000 1000 447
"UNIF(0,1)" 1000 1000 1000 419
"UNIF(0,1)" 1000 1000 1000 427
"UNIF(0,1)" 1000 1000 1000 436
"UNIF(0,1)" 1000 1000 1000 439
"UNIF(0,1)" 1000 1000 1000 416
"UNIF(0,1)" 1000 1000 1000 453
"UNIF(0,1)" 1500 1000 1000 453
"UNIF(0,1)" 1500 1000 1000 451
"UNIF(0,1)" 1500 1000 1000 417
"UNIF(0,1)" 1500 1000 1000 420
"UNIF(0,1)" 1500 1000 1000 425
"UNIF(0,1)" 1500 1000 1000 439
"UNIF(0,1)" 1500 1000 1000 424
"UNIF(0,1)" 1500 1000 1000 432
"UNIF(0,1)" 1500 1000 1000 428
"UNIF(0,1)" 1500 1000 1000 408
"UNIF(0,1)" 2000 1000 1000 436
"UNIF(0,1)" 2000 1000 1000 439
"UNIF(0,1)" 2000 1000 1000 434
"UNIF(0,1)" 2000 1000 1000 445
"UNIF(0,1)" 2000 1000 1000 391
"UNIF(0,1)" 2000 1000 1000 416
"UNIF(0,1)" 2000 1000 1000 426
"UNIF(0,1)" 2000 1000 1000 422
"UNIF(0,1)" 2000 1000 1000 437
"UNIF(0,1)" 2000 1000 1000 432
