"sim" "n" "r" "SW" "CVM"
"UNIF(0,1)" 10 1000 85 22
"UNIF(0,1)" 10 1000 80 13
"UNIF(0,1)" 10 1000 86 10
"UNIF(0,1)" 10 1000 82 10
"UNIF(0,1)" 10 1000 96 12
"UNIF(0,1)" 10 1000 82 17
"UNIF(0,1)" 10 1000 72 14
"UNIF(0,1)" 10 1000 104 19
"UNIF(0,1)" 10 1000 84 16
"UNIF(0,1)" 10 1000 85 17
"UNIF(0,1)" 15 1000 130 14
"UNIF(0,1)" 15 1000 124 16
"UNIF(0,1)" 15 1000 105 9
"UNIF(0,1)" 15 1000 131 14
"UNIF(0,1)" 15 1000 122 9
"UNIF(0,1)" 15 1000 142 15
"UNIF(0,1)" 15 1000 138 19
"UNIF(0,1)" 15 1000 142 9
"UNIF(0,1)" 15 1000 132 12
"UNIF(0,1)" 15 1000 124 11
"UNIF(0,1)" 20 1000 214 7
"UNIF(0,1)" 20 1000 200 7
"UNIF(0,1)" 20 1000 195 19
"UNIF(0,1)" 20 1000 211 12
"UNIF(0,1)" 20 1000 196 10
"UNIF(0,1)" 20 1000 200 16
"UNIF(0,1)" 20 1000 209 6
"UNIF(0,1)" 20 1000 243 10
"UNIF(0,1)" 20 1000 188 9
"UNIF(0,1)" 20 1000 184 15
"UNIF(0,1)" 25 1000 309 6
"UNIF(0,1)" 25 1000 286 4
"UNIF(0,1)" 25 1000 272 3
"UNIF(0,1)" 25 1000 287 6
"UNIF(0,1)" 25 1000 311 7
"UNIF(0,1)" 25 1000 287 5
"UNIF(0,1)" 25 1000 263 0
"UNIF(0,1)" 25 1000 298 8
"UNIF(0,1)" 25 1000 282 4
"UNIF(0,1)" 25 1000 280 6
"UNIF(0,1)" 30 1000 389 5
"UNIF(0,1)" 30 1000 395 4
"UNIF(0,1)" 30 1000 350 4
"UNIF(0,1)" 30 1000 391 4
"UNIF(0,1)" 30 1000 376 9
"UNIF(0,1)" 30 1000 367 7
"UNIF(0,1)" 30 1000 405 4
"UNIF(0,1)" 30 1000 370 4
"UNIF(0,1)" 30 1000 373 2
"UNIF(0,1)" 30 1000 403 2
"UNIF(0,1)" 40 1000 595 0
"UNIF(0,1)" 40 1000 575 1
"UNIF(0,1)" 40 1000 582 5
"UNIF(0,1)" 40 1000 577 2
"UNIF(0,1)" 40 1000 581 4
"UNIF(0,1)" 40 1000 591 0
"UNIF(0,1)" 40 1000 597 2
"UNIF(0,1)" 40 1000 586 1
"UNIF(0,1)" 40 1000 608 2
"UNIF(0,1)" 40 1000 599 2
"UNIF(0,1)" 50 1000 753 2
"UNIF(0,1)" 50 1000 733 0
"UNIF(0,1)" 50 1000 746 2
"UNIF(0,1)" 50 1000 743 0
"UNIF(0,1)" 50 1000 746 1
"UNIF(0,1)" 50 1000 731 3
"UNIF(0,1)" 50 1000 751 1
"UNIF(0,1)" 50 1000 738 1
"UNIF(0,1)" 50 1000 760 3
"UNIF(0,1)" 50 1000 741 2
"UNIF(0,1)" 100 1000 999 0
"UNIF(0,1)" 100 1000 996 0
"UNIF(0,1)" 100 1000 997 0
"UNIF(0,1)" 100 1000 996 0
"UNIF(0,1)" 100 1000 996 0
"UNIF(0,1)" 100 1000 995 0
"UNIF(0,1)" 100 1000 992 0
"UNIF(0,1)" 100 1000 994 0
"UNIF(0,1)" 100 1000 998 0
"UNIF(0,1)" 100 1000 998 0
"UNIF(0,1)" 200 1000 1000 0
"UNIF(0,1)" 200 1000 1000 0
"UNIF(0,1)" 200 1000 1000 0
"UNIF(0,1)" 200 1000 1000 0
"UNIF(0,1)" 200 1000 1000 0
"UNIF(0,1)" 200 1000 1000 0
"UNIF(0,1)" 200 1000 1000 0
"UNIF(0,1)" 200 1000 1000 0
"UNIF(0,1)" 200 1000 1000 0
"UNIF(0,1)" 200 1000 1000 0
"UNIF(0,1)" 300 1000 1000 0
"UNIF(0,1)" 300 1000 1000 0
"UNIF(0,1)" 300 1000 1000 0
"UNIF(0,1)" 300 1000 1000 0
"UNIF(0,1)" 300 1000 1000 0
"UNIF(0,1)" 300 1000 1000 0
"UNIF(0,1)" 300 1000 1000 0
"UNIF(0,1)" 300 1000 1000 0
"UNIF(0,1)" 300 1000 1000 0
"UNIF(0,1)" 300 1000 1000 0
"UNIF(0,1)" 400 1000 1000 0
"UNIF(0,1)" 400 1000 1000 0
"UNIF(0,1)" 400 1000 1000 0
"UNIF(0,1)" 400 1000 1000 0
"UNIF(0,1)" 400 1000 1000 0
"UNIF(0,1)" 400 1000 1000 0
"UNIF(0,1)" 400 1000 1000 0
"UNIF(0,1)" 400 1000 1000 0
"UNIF(0,1)" 400 1000 1000 0
"UNIF(0,1)" 400 1000 1000 0
"UNIF(0,1)" 500 1000 1000 0
"UNIF(0,1)" 500 1000 1000 0
"UNIF(0,1)" 500 1000 1000 0
"UNIF(0,1)" 500 1000 1000 0
"UNIF(0,1)" 500 1000 1000 0
"UNIF(0,1)" 500 1000 1000 0
"UNIF(0,1)" 500 1000 1000 0
"UNIF(0,1)" 500 1000 1000 0
"UNIF(0,1)" 500 1000 1000 0
"UNIF(0,1)" 500 1000 1000 0
"UNIF(0,1)" 1000 1000 1000 0
"UNIF(0,1)" 1000 1000 1000 0
"UNIF(0,1)" 1000 1000 1000 0
"UNIF(0,1)" 1000 1000 1000 0
"UNIF(0,1)" 1000 1000 1000 0
"UNIF(0,1)" 1000 1000 1000 0
"UNIF(0,1)" 1000 1000 1000 0
"UNIF(0,1)" 1000 1000 1000 0
"UNIF(0,1)" 1000 1000 1000 0
"UNIF(0,1)" 1000 1000 1000 0
"UNIF(0,1)" 1500 1000 1000 0
"UNIF(0,1)" 1500 1000 1000 0
"UNIF(0,1)" 1500 1000 1000 0
"UNIF(0,1)" 1500 1000 1000 0
"UNIF(0,1)" 1500 1000 1000 0
"UNIF(0,1)" 1500 1000 1000 0
"UNIF(0,1)" 1500 1000 1000 0
"UNIF(0,1)" 1500 1000 1000 0
"UNIF(0,1)" 1500 1000 1000 0
"UNIF(0,1)" 1500 1000 1000 0
"UNIF(0,1)" 2000 1000 1000 0
"UNIF(0,1)" 2000 1000 1000 0
"UNIF(0,1)" 2000 1000 1000 0
"UNIF(0,1)" 2000 1000 1000 0
"UNIF(0,1)" 2000 1000 1000 0
"UNIF(0,1)" 2000 1000 1000 0
"UNIF(0,1)" 2000 1000 1000 0
"UNIF(0,1)" 2000 1000 1000 0
"UNIF(0,1)" 2000 1000 1000 0
"UNIF(0,1)" 2000 1000 1000 0
